num_accepted: 595
HEALTH
[0.58996902 0.41003098]
[0.64354909 0.35645091]
[0.36300482 0.63699518]

DURATIONS DECLINING
[0.47647812 0.20830804 0.17272621 0.0976019  0.04488572]
[0.1140186  0.15188337 0.08080578 0.3927474  0.26054485]
[0.20946189 0.1920295  0.12873669 0.32048405 0.14928788]

[0.22530124 0.3757421  0.34208462 0.03304039 0.02383165]
[0.43828297 0.03075166 0.19058262 0.23068372 0.10969903]
[0.08375199 0.07531413 0.03166043 0.58561053 0.22366291]


HEALTH
[0.58996902 0.41003098]
[0.64354909 0.35645091]
[0.36300482 0.63699518]

DURATIONS DECLINING
[0.47647812 0.20830804 0.17272621 0.0976019  0.04488572]
[0.1140186  0.15188337 0.08080578 0.3927474  0.26054485]
[0.20946189 0.1920295  0.12873669 0.32048405 0.14928788]

[0.14173258 0.47942973 0.2838418  0.04601841 0.04897748]
[0.43828297 0.03075166 0.19058262 0.23068372 0.10969903]
[0.08375199 0.07531413 0.03166043 0.58561053 0.22366291]


HEALTH
[0.58996902 0.41003098]
[0.64354909 0.35645091]
[0.36300482 0.63699518]

DURATIONS DECLINING
[0.47647812 0.20830804 0.17272621 0.0976019  0.04488572]
[0.1140186  0.15188337 0.08080578 0.3927474  0.26054485]
[0.20946189 0.1920295  0.12873669 0.32048405 0.14928788]

[0.14173258 0.47942973 0.2838418  0.04601841 0.04897748]
[0.43828297 0.03075166 0.19058262 0.23068372 0.10969903]
[0.07385029 0.04799906 0.04336045 0.63399394 0.20079625]


HEALTH
[0.58996902 0.41003098]
[0.65873069 0.34126931]
[0.36300482 0.63699518]

DURATIONS DECLINING
[0.47647812 0.20830804 0.17272621 0.0976019  0.04488572]
[0.1140186  0.15188337 0.08080578 0.3927474  0.26054485]
[0.20946189 0.1920295  0.12873669 0.32048405 0.14928788]

[0.14173258 0.47942973 0.2838418  0.04601841 0.04897748]
[0.43828297 0.03075166 0.19058262 0.23068372 0.10969903]
[0.07385029 0.04799906 0.04336045 0.63399394 0.20079625]


HEALTH
[0.58996902 0.41003098]
[0.65873069 0.34126931]
[0.36300482 0.63699518]

DURATIONS DECLINING
[0.47647812 0.20830804 0.17272621 0.0976019  0.04488572]
[0.1140186  0.15188337 0.08080578 0.3927474  0.26054485]
[0.21703101 0.22368632 0.13928015 0.29735946 0.12264306]

[0.14173258 0.47942973 0.2838418  0.04601841 0.04897748]
[0.43828297 0.03075166 0.19058262 0.23068372 0.10969903]
[0.07385029 0.04799906 0.04336045 0.63399394 0.20079625]


