num_accepted: 820
HEALTH
[0.52951637 0.47048363]
[0.80165067 0.19834933]
[0.59533302 0.40466698]

DURATIONS DECLINING
[0.42985412 0.18058356 0.14208238 0.13766978 0.10981016]
[0.06755175 0.11785048 0.32456421 0.29356396 0.19646959]
[0.03244125 0.36245003 0.08871329 0.19465718 0.32173825]

[0.40999471 0.48143267 0.05111134 0.03515269 0.02230859]
[0.05865682 0.04688058 0.57342586 0.20900165 0.11203509]
[0.09718235 0.26568024 0.07349054 0.09109262 0.47255425]


HEALTH
[0.52951637 0.47048363]
[0.80165067 0.19834933]
[0.59533302 0.40466698]

DURATIONS DECLINING
[0.42985412 0.18058356 0.14208238 0.13766978 0.10981016]
[0.06755175 0.11785048 0.32456421 0.29356396 0.19646959]
[0.03244125 0.36245003 0.08871329 0.19465718 0.32173825]

[0.40999471 0.48143267 0.05111134 0.03515269 0.02230859]
[0.10766126 0.06640773 0.51715743 0.23792163 0.07085196]
[0.09718235 0.26568024 0.07349054 0.09109262 0.47255425]


HEALTH
[0.52951637 0.47048363]
[0.80165067 0.19834933]
[0.67317404 0.32682596]

DURATIONS DECLINING
[0.42985412 0.18058356 0.14208238 0.13766978 0.10981016]
[0.06755175 0.11785048 0.32456421 0.29356396 0.19646959]
[0.03244125 0.36245003 0.08871329 0.19465718 0.32173825]

[0.40999471 0.48143267 0.05111134 0.03515269 0.02230859]
[0.10766126 0.06640773 0.51715743 0.23792163 0.07085196]
[0.09718235 0.26568024 0.07349054 0.09109262 0.47255425]


HEALTH
[0.52951637 0.47048363]
[0.80165067 0.19834933]
[0.67317404 0.32682596]

DURATIONS DECLINING
[0.42985412 0.18058356 0.14208238 0.13766978 0.10981016]
[0.06755175 0.11785048 0.32456421 0.29356396 0.19646959]
[0.05937842 0.40262344 0.15280764 0.1846094  0.20058111]

[0.40999471 0.48143267 0.05111134 0.03515269 0.02230859]
[0.10766126 0.06640773 0.51715743 0.23792163 0.07085196]
[0.09718235 0.26568024 0.07349054 0.09109262 0.47255425]


HEALTH
[0.52951637 0.47048363]
[0.80165067 0.19834933]
[0.67317404 0.32682596]

DURATIONS DECLINING
[0.42985412 0.18058356 0.14208238 0.13766978 0.10981016]
[0.06755175 0.11785048 0.32456421 0.29356396 0.19646959]
[0.05937842 0.40262344 0.15280764 0.1846094  0.20058111]

[0.40999471 0.48143267 0.05111134 0.03515269 0.02230859]
[0.10766126 0.06640773 0.51715743 0.23792163 0.07085196]
[0.11085726 0.26966806 0.08819666 0.14264747 0.38863055]


