num_accepted: 1017
DISTANCE: 12.734
HEALTH
[0.64116929 0.35883071]
[0.84813791 0.15186209]
[0.88743915 0.11256085]

DURATIONS DECLINING
[0.61989457 0.0438838  0.10572192 0.19307966 0.03742005]
[0.39340503 0.10938518 0.05937144 0.08172448 0.35611386]
[0.30996106 0.09957588 0.03504179 0.34005248 0.2153688 ]

[0.44084412 0.13628034 0.30400877 0.05004459 0.06882218]
[0.299782   0.05326054 0.26606812 0.29566131 0.08522803]
[0.32362684 0.01800857 0.36459592 0.24268067 0.051088  ]


DISTANCE: 11.885
HEALTH
[0.64116929 0.35883071]
[0.84813791 0.15186209]
[0.88743915 0.11256085]

DURATIONS DECLINING
[0.61989457 0.0438838  0.10572192 0.19307966 0.03742005]
[0.39340503 0.10938518 0.05937144 0.08172448 0.35611386]
[0.22080791 0.1373513  0.06171553 0.39392115 0.18620411]

[0.44084412 0.13628034 0.30400877 0.05004459 0.06882218]
[0.299782   0.05326054 0.26606812 0.29566131 0.08522803]
[0.32362684 0.01800857 0.36459592 0.24268067 0.051088  ]


DISTANCE: 13.173
HEALTH
[0.64116929 0.35883071]
[0.84794569 0.15205431]
[0.88743915 0.11256085]

DURATIONS DECLINING
[0.61989457 0.0438838  0.10572192 0.19307966 0.03742005]
[0.39340503 0.10938518 0.05937144 0.08172448 0.35611386]
[0.22080791 0.1373513  0.06171553 0.39392115 0.18620411]

[0.44084412 0.13628034 0.30400877 0.05004459 0.06882218]
[0.299782   0.05326054 0.26606812 0.29566131 0.08522803]
[0.32362684 0.01800857 0.36459592 0.24268067 0.051088  ]


DISTANCE: 12.698
HEALTH
[0.64116929 0.35883071]
[0.84794569 0.15205431]
[0.88743915 0.11256085]

DURATIONS DECLINING
[0.61989457 0.0438838  0.10572192 0.19307966 0.03742005]
[0.39340503 0.10938518 0.05937144 0.08172448 0.35611386]
[0.22080791 0.1373513  0.06171553 0.39392115 0.18620411]

[0.44084412 0.13628034 0.30400877 0.05004459 0.06882218]
[0.25182881 0.08604235 0.16928    0.35532844 0.13752039]
[0.32362684 0.01800857 0.36459592 0.24268067 0.051088  ]


DISTANCE: 12.287
HEALTH
[0.64116929 0.35883071]
[0.84794569 0.15205431]
[0.93646452 0.06353548]

DURATIONS DECLINING
[0.61989457 0.0438838  0.10572192 0.19307966 0.03742005]
[0.39340503 0.10938518 0.05937144 0.08172448 0.35611386]
[0.22080791 0.1373513  0.06171553 0.39392115 0.18620411]

[0.44084412 0.13628034 0.30400877 0.05004459 0.06882218]
[0.25182881 0.08604235 0.16928    0.35532844 0.13752039]
[0.32362684 0.01800857 0.36459592 0.24268067 0.051088  ]


